2018/10/16: 448 x 448 (Full):
  Icons: 28,16, 34,18, 39,20, 46,24, 54,26, 68,36, 120,26, 82,46, 113,66
  Buttons: 51.0394,24.0535, 78.4694,27.5505, 119.8784,25.4000, 154.6249,26.8040, 189.1260,29.4342, 259.7111,31.0376, 330.3734,30.2033, 360.5014,32.4553, 391.6166,33.0622


2018/10/15: 448 x 448 (Tiny)
  Icons: 37.7408,19.8628, 51.0745,26.0612, 41.8133,51.5200, 80.9717,43.5068, 124.2425,56.9156, 106.7733,116.9248
  Buttons:  69.7355,27.7868, 133.0366,26.9691, 199.1285,32.7882, 274.7629,41.1543, 365.7152,32.8551, 415.7258,35.7776

2018/10/12: 416 x 416

 35.4136,18.4943, 49.7530,24.6087, 77.9156,31.3496, 121.7469,27.2735, 182.5429,29.9273, 259.7111,31.0376, 332.3809,30.1931, 362.9169,32.4914, 393.6588,33.5209